Ai:	(6,5)	0.08376646041870117	0.08376646041870117
Player:	(6,4)	34.10218262672424	34.01841616630554
Ai:	(7,3)	34.26774048805237	0.165557861328125
Player:	(5,6)	41.86392521858215	7.596184730529785
Ai:	(4,3)	42.5892231464386	0.7252979278564453
Player:	(3,4)	49.61981749534607	7.030594348907471
Ai:	(2,5)	50.0422465801239	0.42242908477783203
Player:	(3,3)	61.057090520858765	11.014843940734863
Ai:	(4,6)	61.86094880104065	0.8038582801818848
Player:	(6,6)	72.44119763374329	10.580248832702637
Ai:	(5,7)	73.22063374519348	0.7794361114501953
Player:	(4,8)	82.7178943157196	9.497260570526123
Ai:	(5,8)	83.65258979797363	0.9346954822540283
Player:	(6,8)	90.89218258857727	7.239592790603638
Ai:	(3,2)	91.49352884292603	0.6013462543487549
Player:	(3,6)	100.4167103767395	8.923181533813477
Ai:	(4,7)	101.25101923942566	0.8343088626861572
Player:	(1,4)	108.80104064941406	7.550021409988403
Ai:	(3,8)	109.56452226638794	0.763481616973877
Player:	(6,3)	122.98418283462524	13.41866135597229
Ai:	(7,8)	124.47981357574463	1.4956307411193848
Player:	(8,3)	132.19757962226868	7.717766046524048
Ai:	(7,4)	133.70554494857788	1.507965326309204
Player:	(8,5)	143.12752413749695	9.421979188919067
Ai:	(8,4)	143.93646335601807	0.8089392185211182
Player:	(5,2)	152.0616364479065	8.125173091888428
Ai:	(2,3)	153.69628071784973	1.6346442699432373
Player:	(1,3)	161.21828842163086	7.522007703781128
Ai:	(6,1)	162.89576601982117	1.6774775981903076
Player:	(4,1)	170.94574165344238	8.049975633621216
Ai:	(3,1)	173.03524732589722	2.089505672454834
Player:	(5,3)	181.8562479019165	8.821000576019287
Ai:	(5,1)	183.61255478858948	1.7563068866729736
Player:	(3,5)	193.9482991695404	10.335744380950928
Ai:	(1,6)	195.25133800506592	1.3030388355255127
Player:	(1,5)	202.00970602035522	6.758368015289307
Ai:	(1,2)	203.31568789482117	1.3059818744659424
Player:	(6,2)	219.79091882705688	16.475230932235718
Ai:	(4,2)	220.75784707069397	0.966928243637085
Player:	(7,5)	229.49217319488525	8.734326124191284
Ai:	(6,7)	230.5488986968994	1.0567255020141602
Player:	(2,4)	244.37190461158752	13.82300591468811
Ai:	(2,6)	245.13249158859253	0.7605869770050049
Player:	(1,7)	252.5553240776062	7.422832489013672
Ai:	(1,8)	253.48235487937927	0.9270308017730713
Player:	(7,6)	259.9485852718353	6.466230392456055
Ai:	(8,6)	260.5290412902832	0.580456018447876
Player:	(8,7)	272.87076807022095	12.341726779937744
Ai:	(7,1)	273.41085028648376	0.5400822162628174
Player:	(2,1)	285.47710704803467	12.066256761550903
Ai:	(1,1)	285.9797568321228	0.5026497840881348
Player:	(3,7)	293.24686431884766	7.2671074867248535
Ai:	(2,2)	293.4892199039459	0.2423555850982666
Player:	(7,7)	300.18762612342834	6.698406219482422
Ai:	(8,8)	300.30682826042175	0.1192021369934082
