Ai:	(6,5)	0.06781816482543945	0.06781816482543945
Player:	(4,6)	24.920650720596313	24.852832555770874
Ai:	(3,4)	25.07624101638794	0.15559029579162598
Player:	(6,4)	34.43126654624939	9.35502552986145
Ai:	(7,4)	34.6297664642334	0.1984999179840088
Player:	(6,3)	45.157118797302246	10.527352333068848
Ai:	(3,7)	45.674399614334106	0.5172808170318604
Player:	(8,5)	55.42669653892517	9.752296924591064
Ai:	(3,5)	55.69398236274719	0.2672858238220215
Player:	(3,6)	64.94091367721558	9.246931314468384
Ai:	(2,6)	65.34991407394409	0.4090003967285156
Player:	(4,3)	75.32638192176819	9.976467847824097
Ai:	(7,2)	76.12724494934082	0.8008630275726318
Player:	(5,6)	85.9313542842865	9.804109334945679
Ai:	(4,2)	86.55767822265625	0.626323938369751
Player:	(1,6)	96.26607871055603	9.70840048789978
Ai:	(2,7)	97.29391741752625	1.0278387069702148
Player:	(4,1)	105.43591642379761	8.141999006271362
Ai:	(6,7)	106.68496704101562	1.2490506172180176
Player:	(4,8)	119.88550424575806	13.200537204742432
Ai:	(8,3)	121.01616144180298	1.1306571960449219
Player:	(3,8)	129.41110754013062	8.394946098327637
Ai:	(1,8)	130.13307571411133	0.7219681739807129
Player:	(8,4)	138.46942162513733	8.336345911026001
Ai:	(3,2)	139.76939415931702	1.2999725341796875
Player:	(6,6)	150.53137254714966	10.761978387832642
Ai:	(4,7)	151.83249592781067	1.3011233806610107
Player:	(6,8)	161.38961815834045	9.556115865707397
Ai:	(7,3)	162.1421434879303	0.7525253295898438
Player:	(3,3)	172.75213170051575	10.60998821258545
Ai:	(2,5)	174.2970006465912	1.5448689460754395
Player:	(1,5)	185.07953119277954	10.782530546188354
Ai:	(8,6)	186.0579698085785	0.9784386157989502
Player:	(3,1)	196.87286138534546	10.814891576766968
Ai:	(1,7)	197.6068410873413	0.7339797019958496
Player:	(5,3)	213.03566431999207	15.428823232650757
Ai:	(1,4)	213.98272609710693	0.9470617771148682
Player:	(8,2)	224.1066539287567	10.12392783164978
Ai:	(6,2)	224.9414222240448	0.8347682952880859
Player:	(6,1)	235.1211495399475	10.17972731590271
Ai:	(5,2)	236.1475329399109	1.026383399963379
Player:	(5,1)	247.8054530620575	11.657920122146606
Ai:	(8,1)	248.54205870628357	0.7366056442260742
Player:	(7,1)	255.94507503509521	7.4030163288116455
Ai:	(2,1)	256.609322309494	0.6642472743988037
Player:	(7,5)	271.8282811641693	15.218958854675293
Ai:	(2,8)	272.42720222473145	0.5989210605621338
Player:	(2,3)	283.54579758644104	11.118595361709595
Ai:	(5,8)	283.836562871933	0.29076528549194336
Player:	(2,2)	294.8362240791321	10.999661207199097
Ai:	(7,8)	295.229683637619	0.39246177673339844
