Ai:	(6,5)	0.15658092498779297	0.15658092498779297
Player:	(6,4)	20.679393768310547	20.522812843322754
Ai:	(7,3)	20.884843349456787	0.20544958114624023
Player:	(4,6)	30.084825038909912	9.199981689453125
Ai:	(3,4)	30.32226014137268	0.23743510246276855
Ai:	(6,5)	0.11668920516967773	0.11668920516967773
Player:	(6,6)	33.925896406173706	33.80920720100403
Ai:	(4,3)	34.06950521469116	0.14360880851745605
Player:	(6,4)	45.190452337265015	11.120947122573853
Ai:	(7,5)	45.36730909347534	0.17685675621032715
Player:	(8,6)	56.58895015716553	11.221641063690186
Ai:	(8,5)	56.899638175964355	0.3106880187988281
Player:	(8,4)	69.08988356590271	12.190245389938354
Ai:	(6,3)	69.26091122627258	0.17102766036987305
Player:	(3,3)	98.32294583320618	29.062034606933594
Ai:	(3,4)	98.60519027709961	0.2822444438934326
Player:	(5,3)	113.80965995788574	15.204469680786133
Ai:	(2,3)	114.37714505195618	0.5674850940704346
Player:	(3,6)	128.1216104030609	13.744465351104736
Ai:	(5,6)	128.95591497421265	0.8343045711517334
Player:	(4,6)	141.53657460212708	12.580659627914429
Ai:	(4,7)	142.11901712417603	0.5824425220489502
Player:	(5,8)	154.823171377182	12.704154253005981
Ai:	(4,8)	155.6391077041626	0.8159363269805908
Player:	(3,8)	164.44762802124023	8.808520317077637
Ai:	(7,7)	165.22207880020142	0.7744507789611816
Player:	(6,8)	177.69700288772583	12.474924087524414
Ai:	(8,8)	178.13084149360657	0.4338386058807373
Player:	(3,5)	195.99456882476807	17.8637273311615
Ai:	(2,6)	197.30957674980164	1.3150079250335693
Player:	(1,2)	206.39951515197754	9.089938402175903
Ai:	(1,3)	207.32404971122742	0.9245345592498779
Player:	(1,4)	218.93278980255127	11.608740091323853
Ai:	(2,5)	219.7905616760254	0.8577718734741211
Player:	(1,5)	231.04619550704956	11.25563383102417
Ai:	(7,3)	232.1394236087799	1.0932281017303467
Player:	(8,3)	245.65142440795898	13.512000799179077
Ai:	(6,2)	247.38817858695984	1.7367541790008545
Player:	(5,1)	269.6155560016632	22.22737741470337
Ai:	(3,2)	271.17528557777405	1.5597295761108398
Player:	(3,1)	282.3075497150421	11.132264137268066
Ai:	(1,6)	283.5722596645355	1.2647099494934082
Player:	(1,7)	295.6226508617401	12.05039119720459
Ai:	(2,2)	296.87230157852173	1.2496507167816162
Player:	(2,1)	312.1304566860199	15.258155107498169
Ai:	(1,1)	313.1155264377594	0.985069751739502
Player:	(3,7)	328.75260877609253	15.63708233833313
Ai:	(1,8)	330.0606367588043	1.308027982711792
Player:	(2,4)	342.71178340911865	12.651146650314331
Ai:	(4,1)	343.90957975387573	1.19779634475708
Player:	(5,2)	356.5379476547241	12.628367900848389
Ai:	(2,7)	357.5283317565918	0.9903841018676758
Player:	(2,8)	366.7394132614136	9.211081504821777
Ai:	(7,8)	367.3436369895935	0.6042237281799316
Player:	(5,7)	378.6313564777374	11.287719488143921
Ai:	(6,1)	379.09501028060913	0.4636538028717041
Player:	(7,1)	388.61165833473206	9.516648054122925
Ai:	(6,7)	389.13179063796997	0.520132303237915
Player:	(7,4)	399.8430473804474	10.710239171981812
Ai:	(8,1)	400.0400741100311	0.19702672958374023
Player:	(4,2)	407.9358730316162	7.895798921585083
Ai:	(7,2)	408.0625355243683	0.1266624927520752
Player:	(7,6)	422.23265171051025	14.170116186141968
Ai:	(8,7)	422.293488740921	0.0608370304107666

