Ai:	(6,5)	0.08078408241271973	0.08078408241271973
Player:	(6,4)	45.691946268081665	45.611162185668945
Ai:	(7,3)	45.982218980789185	0.29027271270751953
Player:	(5,6)	54.974997997283936	8.992779016494751
Ai:	(4,3)	55.276731967926025	0.30173397064208984
Player:	(5,3)	63.96671938896179	8.689987421035767
Ai:	(6,3)	64.73816299438477	0.7714436054229736
Player:	(3,3)	71.57150888442993	6.833345890045166
Ai:	(5,7)	72.08065724372864	0.509148359298706
Player:	(8,3)	80.16288781166077	8.082230567932129
Ai:	(4,2)	80.58028984069824	0.4174020290374756
Player:	(5,1)	87.1162793636322	6.53598952293396
Ai:	(3,1)	87.36660957336426	0.25033020973205566
Player:	(6,6)	94.2793517112732	6.9127421379089355
Ai:	(7,5)	95.64826130867004	1.3689095973968506
Player:	(4,1)	104.46452307701111	8.816261768341064
Ai:	(6,1)	105.3634250164032	0.8989019393920898
Player:	(8,6)	115.38008379936218	10.016658782958984
Ai:	(5,2)	116.58132433891296	1.2012405395507812
Player:	(4,8)	125.41335868835449	8.832034349441528
Ai:	(3,2)	126.61885595321655	1.2054972648620605
Player:	(4,6)	135.43963193893433	8.820775985717773
Ai:	(5,8)	136.12878823280334	0.6891562938690186
Player:	(6,8)	143.7001247406006	7.571336507797241
Ai:	(6,2)	145.0361955165863	1.3360707759857178
Player:	(7,1)	152.89205598831177	7.855860471725464
Ai:	(8,1)	153.8724386692047	0.9803826808929443
Player:	(7,4)	165.12114453315735	11.248705863952637
Ai:	(3,5)	166.4115743637085	1.2904298305511475
Player:	(3,4)	174.24202752113342	7.830453157424927
Ai:	(8,5)	175.92324209213257	1.6812145709991455
Player:	(8,4)	183.88996124267578	7.966719150543213
Ai:	(8,2)	185.45044207572937	1.5604808330535889
Player:	(3,6)	192.98477053642273	7.534328460693359
Ai:	(8,7)	194.54143285751343	1.5566623210906982
Player:	(2,1)	201.4999794960022	6.9585466384887695
Ai:	(2,3)	203.26334261894226	1.7633631229400635
Player:	(2,4)	210.63897442817688	7.375631809234619
Ai:	(7,6)	211.88795924186707	1.2489848136901855
Player:	(1,2)	219.26168775558472	7.373728513717651
Ai:	(1,4)	219.88301825523376	0.6213304996490479
Player:	(1,3)	226.55246233940125	6.6694440841674805
Ai:	(1,1)	227.2027702331543	0.6503078937530518
Player:	(7,2)	233.9980227947235	6.795252561569214
Ai:	(2,7)	234.93595051765442	0.9379277229309082
Player:	(2,6)	243.34684348106384	8.410892963409424
Ai:	(3,7)	243.6280858516693	0.28124237060546875
Player:	(2,8)	250.485009431839	6.856923580169678
Ai:	(1,5)	250.67481517791748	0.1898057460784912
Player:	(4,7)	259.76714420318604	9.091331481933594
Ai:	(3,8)	259.98356580734253	0.21642160415649414
Player:	(2,5)	269.6907527446747	9.707186937332153
Ai:	(1,8)	270.01588249206543	0.32512974739074707
Player:	(1,7)	276.4062011241913	6.3903186321258545
Ai:	(1,6)	276.5218918323517	0.11569070816040039

