Ai:	(6,5)	0.08377695083618164	0.08377695083618164
Player:	(6,4)	16.54523253440857	16.461455583572388
Ai:	(7,3)	16.706518173217773	0.1612856388092041
Player:	(5,6)	29.418723344802856	12.712205171585083
Ai:	(4,3)	29.657320976257324	0.23859763145446777
Player:	(5,3)	40.79063558578491	11.133314609527588
Ai:	(6,3)	41.13970184326172	0.34906625747680664
Player:	(3,4)	51.37888693809509	10.239185094833374
Ai:	(2,5)	51.787792682647705	0.40990495681762695
Player:	(3,3)	66.26703834533691	14.478246450424194
Ai:	(3,5)	66.81557011604309	0.5485317707061768
Player:	(8,3)	77.04088401794434	10.225313901901245
Ai:	(3,2)	77.71062397956848	0.6697399616241455
Player:	(6,6)	91.52366852760315	13.813044548034668
Ai:	(7,4)	92.01834535598755	0.4946768283843994
Player:	(1,5)	103.97200560569763	11.953660249710083
Ai:	(6,7)	105.30596089363098	1.3339552879333496
Player:	(3,1)	117.42700695991516	12.12104606628418
Ai:	(1,6)	119.13246846199036	1.7054615020751953
Player:	(8,5)	132.80367231369019	13.671203851699829
Ai:	(8,4)	133.83551812171936	1.0318458080291748
Player:	(6,8)	142.55228209495544	8.716763973236084
Ai:	(6,2)	143.72414898872375	1.1718668937683105
Player:	(6,1)	157.1277117729187	13.403562784194946
Ai:	(7,5)	158.34940481185913	1.2216930389404297
Player:	(3,6)	171.56693744659424	13.217532634735107
Ai:	(1,4)	172.69919443130493	1.1322569847106934
Player:	(4,6)	184.10869073867798	11.409496307373047
Ai:	(4,7)	185.0830864906311	0.974395751953125
Player:	(3,8)	200.88932633399963	15.80623984336853
Ai:	(4,8)	202.2484917640686	1.3591654300689697
Player:	(5,8)	210.17391753196716	7.92542576789856
Ai:	(7,6)	211.45251870155334	1.2786011695861816
Player:	(8,7)	219.6631453037262	8.210626602172852
Ai:	(7,2)	220.594735622406	0.9315903186798096
Player:	(8,2)	228.91856741905212	8.323831796646118
Ai:	(8,1)	229.80671501159668	0.8881475925445557
Player:	(7,1)	237.60714483261108	7.800429821014404
Ai:	(5,1)	238.48555493354797	0.8784101009368896
Player:	(2,4)	254.30874395370483	15.82318902015686
Ai:	(2,3)	255.7326099872589	1.4238660335540771
Player:	(8,6)	267.65729308128357	11.924683094024658
Ai:	(8,8)	268.27264761924744	0.6153545379638672
Player:	(1,3)	276.04535150527954	7.7727038860321045
Ai:	(7,7)	276.9747142791748	0.9293627738952637
Player:	(1,7)	284.521466255188	7.546751976013184
Ai:	(7,8)	285.0709960460663	0.5495297908782959
Player:	(4,2)	295.6511948108673	10.580198764801025
Ai:	(2,8)	296.2116961479187	0.5605013370513916
Player:	(2,6)	308.36195158958435	12.15025544166565
Ai:	(4,1)	308.7992947101593	0.43734312057495117
Player:	(2,1)	319.99309515953064	11.193800449371338
Ai:	(5,2)	320.3790566921234	0.38596153259277344
Player:	(3,7)	330.8070526123047	10.427995920181274
Ai:	(1,1)	331.2917559146881	0.48470330238342285
Player:	(5,7)	343.5978207588196	12.30606484413147
Ai:	(2,2)	343.7165026664734	0.1186819076538086
Player:	(1,2)	355.83710265159607	12.12059998512268
Ai:	(1,8)	355.93284702301025	0.09574437141418457

