Ai:	(6,5)	0.07479977607727051	0.07479977607727051
Player:	(4,6)	25.017043352127075	24.942243576049805
Ai:	(3,4)	25.158663749694824	0.14162039756774902
Player:	(6,4)	33.88069248199463	8.722028732299805
Ai:	(7,4)	34.19086289405823	0.31017041206359863
Player:	(5,3)	45.05699896812439	10.866136074066162
Ai:	(4,7)	45.59437394142151	0.5383727550506592
Player:	(8,4)	59.3023681640625	13.706996440887451
Ai:	(7,3)	59.70628356933594	0.4039154052734375
Player:	(5,6)	73.911705493927	14.205421924591064
Ai:	(7,5)	74.52877163887024	0.6170661449432373
Player:	(3,8)	84.38167548179626	9.852903842926025
Ai:	(4,8)	85.06784129142761	0.6861658096313477
Player:	(5,8)	98.04412698745728	12.976285696029663
Ai:	(6,2)	98.5403504371643	0.49622344970703125
Player:	(5,1)	112.62967109680176	14.089320659637451
Ai:	(7,1)	113.29542255401611	0.6657514572143555
Player:	(8,3)	124.17173194885254	10.876309394836426
Ai:	(7,2)	124.69085144996643	0.5191195011138916
Player:	(6,1)	133.09654879570007	8.405697345733643
Ai:	(4,1)	133.6949474811554	0.5974013805389404
Player:	(8,5)	149.8111526966095	16.1162052154541
Ai:	(6,6)	151.00347685813904	1.192324161529541
Player:	(6,3)	169.4274754524231	18.423998594284058
Ai:	(8,1)	170.02032947540283	0.5928540229797363
Player:	(4,3)	180.78725337982178	10.766923904418945
Ai:	(5,2)	181.81014347076416	1.0228900909423828
Player:	(3,3)	189.91552591323853	8.105382442474365
Ai:	(3,2)	191.019380569458	1.1038546562194824
Player:	(4,2)	197.93379664421082	6.914416074752808
Ai:	(3,1)	199.2038128376007	1.2700161933898926
Player:	(2,1)	206.38658714294434	7.182774305343628
Ai:	(2,3)	207.53052926063538	1.14394211769104
Player:	(1,3)	219.86466908454895	12.334139823913574
Ai:	(7,6)	220.89242005348206	1.0277509689331055
Player:	(8,6)	240.84038066864014	19.94796061515808
Ai:	(3,7)	241.9928879737854	1.1525073051452637
Player:	(3,6)	251.54196429252625	9.549076318740845
Ai:	(1,1)	252.55987215042114	1.0179078578948975
Player:	(3,5)	263.29637384414673	10.736501693725586
Ai:	(2,2)	263.9725639820099	0.6761901378631592
Player:	(8,2)	274.5938973426819	10.62033462524414
Ai:	(8,7)	275.222216129303	0.6293189525604248
Player:	(7,7)	286.2812469005585	11.058030605316162
Ai:	(2,6)	287.0053107738495	0.7240638732910156
Player:	(1,5)	297.901673078537	10.8963623046875
Ai:	(1,2)	298.8291265964508	0.9274535179138184
Player:	(2,5)	308.5265574455261	9.697430849075317
Ai:	(1,6)	309.33747935295105	0.8109219074249268
Player:	(1,4)	317.43819522857666	8.10071587562561
Ai:	(2,4)	318.1590464115143	0.7208511829376221
Player:	(1,7)	327.08010029792786	8.921053886413574
Ai:	(1,8)	327.49906063079834	0.4189603328704834
Player:	(5,7)	337.1001501083374	9.601089477539062
Ai:	(2,7)	337.3514814376831	0.2513313293457031
