Ai:	(6,5)	0.10970711708068848	0.10970711708068848
Player:	(6,4)	42.63399696350098	42.52428984642029
Ai:	(7,3)	42.90527057647705	0.2712736129760742
Player:	(4,6)	53.70548605918884	10.800215482711792
Ai:	(3,4)	54.04159355163574	0.33600926399230957
Player:	(4,3)	61.740307331085205	7.698713779449463
Ai:	(3,7)	62.110316038131714	0.3700087070465088
Player:	(6,6)	71.73323583602905	9.622919797897339
Ai:	(4,2)	72.27855587005615	0.5453200340270996
Player:	(5,3)	87.29902791976929	15.020472049713135
Ai:	(7,7)	87.60266041755676	0.3036324977874756
Player:	(3,1)	99.40399980545044	11.801339387893677
Ai:	(4,1)	99.60099983215332	0.19700002670288086
Player:	(5,1)	108.89183568954468	9.290835857391357
Ai:	(6,3)	109.06692171096802	0.17508602142333984
Player:	(3,3)	119.76917910575867	10.70225739479065
Ai:	(2,3)	119.96665120124817	0.19747209548950195
Player:	(2,4)	134.8614981174469	14.89484691619873
Ai:	(3,2)	135.0619616508484	0.20046353340148926
Player:	(1,4)	147.34815382957458	12.285194158554077
Ai:	(1,3)	147.59342217445374	0.2452683448791504
Player:	(3,5)	157.49714922904968	9.90472412109375
Ai:	(2,2)	158.14619946479797	0.6480531692504883
Player:	(5,6)	188.17007279396057	30.023873329162598
Ai:	(6,7)	189.5305836200714	1.3605108261108398
Player:	(2,1)	199.2922191619873	9.761635541915894
Ai:	(1,1)	199.9325075149536	0.6402883529663086
Player:	(8,3)	216.4713044166565	16.53879690170288
Ai:	(5,2)	218.1076283454895	1.6363239288330078
Player:	(8,8)	232.17566657066345	14.06803822517395
Ai:	(6,1)	233.8373327255249	1.6616661548614502
Player:	(6,8)	286.81694531440735	52.979612588882446
Ai:	(1,5)	288.1067407131195	1.2897953987121582
Player:	(3,6)	307.73170375823975	19.62496304512024
Ai:	(4,7)	308.63866901397705	0.9069652557373047
Player:	(3,8)	336.7884740829468	28.149805068969727
Ai:	(1,2)	338.15188479423523	1.3634107112884521
Player:	(5,8)	359.9653561115265	21.81347131729126
Ai:	(2,5)	360.94925713539124	0.9829037189483643
Player:	(7,5)	373.66528701782227	12.71602988243103
Ai:	(6,2)	374.24778413772583	0.5824971199035645
Player:	(5,7)	388.76536202430725	14.517577886581421
Ai:	(7,8)	389.21017241477966	0.4448103904724121
Player:	(7,4)	418.21576380729675	29.00559139251709
Ai:	(4,8)	419.0176386833191	0.8018748760223389
Player:	(7,2)	434.29796409606934	15.280325412750244
Ai:	(8,1)	435.54463028907776	1.2466661930084229
Player:	(7,1)	446.8572678565979	11.312637567520142
Ai:	(8,2)	447.85581040382385	0.9985425472259521
Player:	(2,6)	460.20694231987	12.351131916046143
Ai:	(1,6)	461.3608784675598	1.1539361476898193
Player:	(8,4)	475.1768605709076	13.815982103347778
Ai:	(8,5)	475.9607632160187	0.783902645111084
Player:	(8,6)	487.5603766441345	11.599613428115845
Ai:	(8,7)	488.00817704200745	0.4478003978729248
Player:	(1,7)	497.15732192993164	9.149144887924194
Ai:	(1,8)	497.3702702522278	0.21294832229614258

