Ai:	(6,5)	0.0937504768371582	0.0937504768371582
Player:	(6,6)	343.3427782058716	343.2490277290344
Ai:	(4,3)	343.93574833869934	0.5929701328277588
Player:	(3,3)	353.10767555236816	9.171927213668823
Ai:	(3,4)	353.5185761451721	0.4109005928039551
Player:	(6,4)	364.81968998908997	11.301113843917847
Ai:	(7,5)	365.67400312423706	0.8543131351470947
Player:	(8,4)	377.9360089302063	12.256021738052368
Ai:	(8,5)	378.5638530254364	0.6278440952301025
Player:	(8,6)	387.6804747581482	9.116621732711792
Ai:	(3,2)	388.67880392074585	0.9983291625976562
Player:	(4,6)	398.42999267578125	9.7511887550354
Ai:	(7,7)	399.12450647354126	0.6945137977600098
Player:	(6,8)	407.4030268192291	8.278520345687866
Ai:	(8,8)	408.2183618545532	0.8153350353240967
Player:	(3,5)	419.5425477027893	11.324185848236084
Ai:	(5,6)	421.00528168678284	1.4627339839935303
Player:	(3,1)	429.24358224868774	8.238300561904907
Ai:	(2,3)	431.05993151664734	1.8163492679595947
Player:	(1,4)	447.11458373069763	16.054652214050293
Ai:	(1,2)	449.63562870025635	2.521044969558716
Player:	(5,3)	488.5260031223297	38.890374422073364
Ai:	(5,2)	491.48983240127563	2.963829278945923
Player:	(4,7)	501.7853500843048	10.295517683029175
Ai:	(6,7)	504.8654189109802	3.080068826675415
Player:	(6,2)	517.4485535621643	12.583134651184082
Ai:	(6,3)	521.732212305069	4.283658742904663
Player:	(7,4)	545.7838966846466	24.051684379577637
Ai:	(4,8)	549.780755519867	3.996858835220337
Player:	(4,1)	582.6135199069977	32.83276438713074
Ai:	(6,1)	587.0490744113922	4.435554504394531
Player:	(3,8)	597.8367202281952	10.787645816802979
Ai:	(8,3)	600.3012025356293	2.464482307434082
Player:	(5,1)	611.4932358264923	11.192033290863037
Ai:	(2,1)	616.1725990772247	4.679363250732422
Player:	(1,3)	629.5558247566223	13.383225679397583
Ai:	(1,5)	633.2742111682892	3.7173893451690674
Player:	(5,8)	653.5768156051636	20.30260443687439
Ai:	(8,7)	657.1303389072418	3.553523302078247
Player:	(3,6)	674.9468007087708	17.81646180152893
Ai:	(2,6)	677.2942276000977	2.3474268913269043
Player:	(7,8)	685.9359312057495	8.641703605651855
Ai:	(2,8)	687.4944801330566	1.558548927307129
Player:	(1,6)	696.839738368988	9.345258235931396
Ai:	(1,7)	699.9048295021057	3.065091133117676
Player:	(4,2)	709.8456656932831	9.940836191177368
Ai:	(7,6)	712.1156990528107	2.270033359527588
Player:	(7,1)	719.2420301437378	7.126331090927124
Ai:	(8,1)	721.3470249176025	2.104994773864746
Player:	(7,3)	728.4820153713226	7.134990453720093
Ai:	(7,2)	729.727213382721	1.2451980113983154
Player:	(8,2)	736.1052858829498	6.378072500228882
Ai:	(2,2)	737.0084452629089	0.9021627902984619
Player:	(2,5)	745.2043662071228	8.195920944213867
Ai:	(2,4)	745.6597454547882	0.4553792476654053
