Ai:	(6,5)	0.09075784683227539	0.09075784683227539
Player:	(6,4)	30.546129941940308	30.455372095108032
Ai:	(7,3)	30.690343141555786	0.14421319961547852
Player:	(3,6)	42.482566118240356	11.79222297668457
Ai:	(3,4)	42.62917423248291	0.1466081142425537
Player:	(6,3)	52.51483392715454	9.88565969467163
Ai:	(5,3)	52.680391788482666	0.165557861328125
Player:	(4,3)	62.637165784835815	9.95677399635315
Ai:	(3,3)	62.84828066825867	0.21111488342285156
Player:	(2,3)	72.38697552680969	9.538694858551025
Ai:	(1,3)	72.57462096214294	0.18764543533325195
Player:	(1,2)	80.75125551223755	8.176634550094604
Ai:	(1,1)	80.94726014137268	0.19600462913513184
Player:	(8,3)	90.85131454467773	9.904054403305054
Ai:	(5,6)	91.54726839065552	0.6959538459777832
Player:	(4,6)	110.06390261650085	18.516634225845337
Ai:	(3,2)	110.62690782546997	0.5630052089691162
Player:	(6,6)	120.91640400886536	10.289496183395386
Ai:	(7,7)	121.48092746734619	0.564523458480835
Player:	(3,5)	132.15930104255676	10.678373575210571
Ai:	(4,7)	133.2391438484192	1.0798428058624268
Player:	(5,8)	144.77283573150635	11.533691883087158
Ai:	(6,2)	145.78590726852417	1.0130715370178223
Player:	(3,1)	156.98443412780762	11.198526859283447
Ai:	(2,2)	158.2359001636505	1.2514660358428955
Player:	(5,1)	173.46323561668396	15.228332281112671
Ai:	(3,7)	175.0086212158203	1.544388771057129
Player:	(1,4)	190.57247352600098	15.563852310180664
Ai:	(7,1)	191.4653959274292	0.8929224014282227
Player:	(3,8)	208.00184845924377	16.536452531814575
Ai:	(2,4)	209.22319984436035	1.2213513851165771
Player:	(8,8)	220.63461804389954	11.411418199539185
Ai:	(7,6)	221.72076392173767	1.0861458778381348
Player:	(8,6)	233.93307518959045	12.212311267852783
Ai:	(4,8)	235.0012218952179	1.0681467056274414
Player:	(6,1)	245.73726224899292	10.736040353775024
Ai:	(7,5)	247.1784279346466	1.4411656856536865
Player:	(8,1)	255.6586410999298	8.480213165283203
Ai:	(4,2)	257.19694352149963	1.5383024215698242
Player:	(8,4)	284.9132432937622	27.716299772262573
Ai:	(8,7)	286.02097272872925	1.107729434967041
Player:	(4,1)	303.5739209651947	17.552948236465454
Ai:	(7,4)	305.0668988227844	1.4929778575897217
Player:	(8,5)	314.7299222946167	9.663023471832275
Ai:	(8,2)	316.13775086402893	1.4078285694122314
Player:	(1,5)	328.76628398895264	12.628533124923706
Ai:	(2,5)	329.9501242637634	1.183840274810791
Player:	(1,6)	338.39263820648193	8.442513942718506
Ai:	(5,2)	339.2604069709778	0.8677687644958496
Player:	(2,1)	348.85217690467834	9.591769933700562
Ai:	(1,7)	349.4261498451233	0.5739729404449463
Player:	(2,6)	359.8899676799774	10.463817834854126
Ai:	(7,2)	360.3203287124634	0.4303610324859619
Player:	(5,7)	374.94732785224915	14.626999139785767
Ai:	(7,8)	375.17578530311584	0.22845745086669922
Player:	(6,8)	386.07185769081116	10.896072387695312
Ai:	(6,7)	386.1842725276947	0.11241483688354492
