Ai:	(6,5)	0.08319997787475586	0.08319997787475586
Player:	(6,6)	14.79365062713623	14.710450649261475
Ai:	(4,3)	14.918319463729858	0.12466883659362793
Player:	(3,3)	24.4192373752594	9.500917911529541
Ai:	(3,4)	24.572826623916626	0.15358924865722656
Player:	(3,5)	32.081031799316406	7.50820517539978
Ai:	(2,5)	32.51088309288025	0.4298512935638428
Player:	(3,6)	41.57132339477539	9.060440301895142
Ai:	(2,3)	41.96128058433533	0.3899571895599365
Player:	(1,4)	50.620654344558716	8.659373760223389
Ai:	(1,5)	50.83763527870178	0.2169809341430664
Player:	(1,6)	58.66414022445679	7.826504945755005
Ai:	(7,7)	58.82770323753357	0.16356301307678223
Player:	(6,3)	68.23974537849426	9.412042140960693
Ai:	(3,7)	68.6117513179779	0.3720059394836426
Player:	(5,6)	82.95351219177246	14.340761661529541
Ai:	(7,2)	83.33822917938232	0.3847169876098633
Player:	(8,8)	91.41955161094666	8.081322431564331
Ai:	(6,7)	91.61303234100342	0.1934807300567627
Player:	(5,3)	105.0084776878357	13.395445346832275
Ai:	(6,4)	105.22797155380249	0.21949386596679688
Player:	(1,3)	114.42496609687805	9.196994543075562
Ai:	(5,2)	115.07024145126343	0.6462812423706055
Player:	(3,8)	126.65284323692322	11.58159589767456
Ai:	(1,2)	127.1645040512085	0.5116608142852783
Player:	(1,1)	135.01046133041382	7.845957279205322
Ai:	(2,6)	135.59390258789062	0.5834412574768066
Player:	(8,1)	153.07486701011658	17.480964422225952
Ai:	(4,8)	154.12757468223572	1.0527076721191406
Player:	(6,8)	166.37210083007812	12.244526147842407
Ai:	(7,4)	167.51707243919373	1.1449716091156006
Player:	(5,1)	194.60085606575012	27.083783626556396
Ai:	(2,7)	195.94527506828308	1.344419002532959
Player:	(1,8)	206.38326048851013	10.43798542022705
Ai:	(1,7)	208.16258454322815	1.7793240547180176
Player:	(8,5)	234.12812638282776	25.96554183959961
Ai:	(7,8)	235.403715133667	1.2755887508392334
Player:	(5,8)	259.024685382843	23.620970249176025
Ai:	(2,8)	260.3531701564789	1.3284847736358643
Player:	(4,6)	273.33028984069824	12.97711968421936
Ai:	(4,7)	274.4897184371948	1.159428596496582
Player:	(7,6)	287.61046504974365	13.120746612548828
Ai:	(7,5)	288.4173128604889	0.8068478107452393
Player:	(8,4)	306.45001769065857	18.032704830169678
Ai:	(7,3)	307.11228036880493	0.6622626781463623
Player:	(8,3)	319.1057903766632	11.993510007858276
Ai:	(4,2)	319.79758882522583	0.6917984485626221
Player:	(8,6)	329.57473373413086	9.77714490890503
Ai:	(5,7)	330.12725496292114	0.5525212287902832
Player:	(3,1)	343.84577345848083	13.718518495559692
Ai:	(6,2)	344.1958360671997	0.35006260871887207
Player:	(2,4)	360.64733958244324	16.45150351524353
Ai:	(2,2)	361.20085883140564	0.5535192489624023
Player:	(2,1)	369.7334854602814	8.532626628875732
Ai:	(8,7)	370.1035385131836	0.3700530529022217
Player:	(3,2)	383.0129699707031	12.908434391021729
Ai:	(8,2)	383.19049739837646	0.17752742767333984
Player:	(7,1)	393.46490812301636	10.274410724639893
Ai:	(6,1)	393.56065797805786	0.0957498550415039
Player:	(4,1)	413.1993217468262	19.63866376876831
Ai:	(4,1)	413.2312366962433	0.03191494941711426
