Ai:	(6,5)	0.09275341033935547	0.09275341033935547
Player:	(6,6)	16.021968126296997	15.929214715957642
Ai:	(4,3)	16.160598516464233	0.13863039016723633
Player:	(6,4)	26.745332956314087	10.584734439849854
Ai:	(7,5)	26.89093780517578	0.14560484886169434
Player:	(8,6)	38.924116373062134	12.033178567886353
Ai:	(8,5)	39.09477925300598	0.16965270042419434
Player:	(8,4)	46.554349184036255	7.459569931030273
Ai:	(6,3)	46.698962926864624	0.14461374282836914
Player:	(5,3)	62.581828355789185	15.88286542892456
Ai:	(6,2)	62.99251437187195	0.41068601608276367
Player:	(6,1)	72.19327807426453	9.199765920639038
Ai:	(7,3)	72.56228971481323	0.36901164054870605
Player:	(3,5)	81.17416167259216	8.610873937606812
Ai:	(4,6)	81.64988923072815	0.47572755813598633
Player:	(8,3)	95.76765727996826	14.117768049240112
Ai:	(7,2)	96.27699184417725	0.5093345642089844
Player:	(5,6)	107.09567260742188	10.818680763244629
Ai:	(7,6)	108.18402338027954	1.088350772857666
Player:	(3,3)	117.81802725791931	9.63400387763977
Ai:	(2,2)	118.85478496551514	1.0357606410980225
Player:	(3,6)	126.60424780845642	7.749462842941284
Ai:	(6,7)	127.62721967697144	1.0229718685150146
Player:	(8,1)	140.65635585784912	13.029136180877686
Ai:	(5,2)	141.51335215568542	0.8569962978363037
Player:	(4,1)	156.56081342697144	15.04746127128601
Ai:	(5,1)	157.24099445343018	0.6801810264587402
Player:	(5,8)	166.69059920310974	9.449604749679565
Ai:	(8,2)	167.45145177841187	0.760852575302124
Player:	(7,1)	176.8274827003479	9.376030921936035
Ai:	(8,7)	177.8537392616272	1.0262565612792969
Player:	(1,1)	190.6717438697815	12.818004608154297
Ai:	(2,3)	191.52995800971985	0.8582141399383545
Player:	(8,8)	204.39754796028137	12.867589950561523
Ai:	(2,6)	205.81528997421265	1.4177420139312744
Player:	(1,3)	217.25586771965027	11.440577745437622
Ai:	(3,1)	218.22128748893738	0.9654197692871094
Player:	(1,6)	230.0587203502655	11.837432861328125
Ai:	(4,7)	230.84031534194946	0.78159499168396
Player:	(4,8)	244.84778380393982	14.007468461990356
Ai:	(7,4)	245.7313268184662	0.8835430145263672
Player:	(3,4)	261.0882890224457	15.356962203979492
Ai:	(1,2)	261.66770577430725	0.5794167518615723
Player:	(2,1)	269.7053806781769	8.037674903869629
Ai:	(3,2)	270.6907465457916	0.9853658676147461
Player:	(1,4)	280.79833030700684	10.10758376121521
Ai:	(1,5)	281.42465591430664	0.6263256072998047
Player:	(4,2)	291.63921880722046	10.214562892913818
Ai:	(3,8)	292.27693009376526	0.6377112865447998
Player:	(2,8)	302.35773253440857	10.08080244064331
Ai:	(2,4)	302.8733546733856	0.5156221389770508
Player:	(2,5)	314.2038083076477	11.330453634262085
Ai:	(3,7)	314.5595738887787	0.35576558113098145
Player:	(1,7)	323.4433846473694	8.883810758590698
Ai:	(1,8)	323.6887278556824	0.24534320831298828
Player:	(5,7)	331.107626914978	7.418899059295654
Ai:	(6,8)	331.48110270500183	0.3734757900238037
Player:	(7,8)	346.7577164173126	15.276613712310791
Ai:	(2,7)	346.8784005641937	0.12068414688110352
Player:	(7,7)	363.524263381958	16.645862817764282
Ai:	(7,7)	363.54906034469604	0.02479696273803711
