Ai:	(6,5)	0.0610504150390625	0.0610504150390625
Player:	(4,6)	33.44440484046936	33.3833544254303
Ai:	(3,4)	33.64387392997742	0.19946908950805664
Player:	(6,3)	47.93862438201904	14.294750452041626
Ai:	(4,7)	48.09520149230957	0.15657711029052734
Player:	(5,6)	62.1982786655426	14.10207486152649
Ai:	(7,2)	62.38179039955139	0.18351173400878906
Player:	(3,8)	72.55382037162781	10.171027660369873
Ai:	(4,8)	72.7463059425354	0.19248557090759277
Player:	(5,8)	83.47344040870667	10.727134466171265
Ai:	(6,6)	83.65694904327393	0.18350863456726074
Player:	(4,3)	108.17930126190186	24.52235221862793
Ai:	(3,6)	108.4485695362091	0.269268274307251
Player:	(6,4)	120.46388220787048	12.015312671661377
Ai:	(7,4)	120.84582901000977	0.3819468021392822
Player:	(8,3)	130.81522512435913	9.969396114349365
Ai:	(8,4)	131.29395055770874	0.4787254333496094
Player:	(6,1)	143.56510758399963	12.271157026290894
Ai:	(8,1)	144.25701761245728	0.6919100284576416
Player:	(8,5)	167.88693618774414	23.629918575286865
Ai:	(5,2)	168.24198389053345	0.35504770278930664
Player:	(4,1)	176.79601001739502	8.554026126861572
Ai:	(6,2)	177.07925128936768	0.28324127197265625
Player:	(3,5)	190.9258201122284	13.846568822860718
Ai:	(6,7)	191.43143367767334	0.5056135654449463
Player:	(6,8)	200.18839716911316	8.75696349143982
Ai:	(7,5)	200.90798544883728	0.7195882797241211
Player:	(3,3)	211.78164982795715	10.873664379119873
Ai:	(5,7)	212.7231307029724	0.9414808750152588
Player:	(5,3)	223.83113050460815	11.107999801635742
Ai:	(5,1)	225.3467526435852	1.5156221389770508
Player:	(7,1)	234.32302284240723	8.976270198822021
Ai:	(2,3)	235.70566368103027	1.3826408386230469
Player:	(1,2)	242.90118384361267	7.1955201625823975
Ai:	(1,3)	243.9281485080719	1.0269646644592285
Player:	(1,4)	252.81701636314392	8.888867855072021
Ai:	(7,3)	253.8527569770813	1.035740613937378
Player:	(3,7)	262.85356068611145	9.000803709030151
Ai:	(2,7)	263.73713088035583	0.8835701942443848
Player:	(1,6)	274.48433542251587	10.747204542160034
Ai:	(3,1)	275.2871890068054	0.8028535842895508
Player:	(2,1)	283.9211139678955	8.633924961090088
Ai:	(1,1)	284.69554710388184	0.7744331359863281
Player:	(7,6)	295.5996046066284	10.904057502746582
Ai:	(8,6)	296.67724609375	1.077641487121582
Player:	(8,7)	306.59755778312683	9.920311689376831
Ai:	(1,5)	307.3575246334076	0.7599668502807617
Player:	(2,6)	325.8356976509094	18.47817301750183
Ai:	(1,8)	326.58973360061646	0.7540359497070312
Player:	(2,8)	336.10953736305237	9.519803762435913
Ai:	(7,8)	336.91837525367737	0.808837890625
Player:	(8,2)	348.04438066482544	11.126005411148071
Ai:	(8,8)	348.68573021888733	0.6413495540618896
Player:	(3,2)	355.87230038642883	7.186570167541504
Ai:	(1,7)	356.20440888404846	0.3321084976196289
Player:	(2,5)	368.9078052043915	12.703396320343018
Ai:	(2,4)	369.01451897621155	0.10671377182006836
Player:	(4,2)	376.1728780269623	7.158359050750732
Ai:	(7,7)	376.244686126709	0.0718080997467041

