Ai:	(6,5)	0.1501319408416748	0.1501319408416748
Player:	(6,4)	56.69989490509033	56.54976296424866
Ai:	(7,3)	56.940303325653076	0.24040842056274414
Player:	(4,6)	66.23215985298157	9.291856527328491
Ai:	(3,4)	66.85857486724854	0.6264150142669678
Player:	(6,3)	78.07668805122375	11.21811318397522
Ai:	(4,7)	78.42974209785461	0.3530540466308594
Player:	(8,3)	86.99597001075745	8.566227912902832
Ai:	(7,2)	87.17648935317993	0.18051934242248535
Player:	(6,1)	95.41340565681458	8.236916303634644
Ai:	(8,1)	95.51413583755493	0.10073018074035645
Player:	(5,3)	106.25963735580444	10.745501518249512
Ai:	(8,2)	106.49301290512085	0.23337554931640625
Player:	(6,6)	115.15293979644775	8.659926891326904
Ai:	(7,6)	115.88976860046387	0.7368288040161133
Player:	(8,6)	122.82737612724304	6.937607526779175
Ai:	(8,4)	123.26919364929199	0.4418175220489502
Player:	(5,6)	132.61316061019897	9.343966960906982
Ai:	(6,2)	133.37412524223328	0.7609646320343018
Player:	(3,8)	144.46591114997864	11.091785907745361
Ai:	(4,8)	145.11789536476135	0.6519842147827148
Player:	(5,8)	152.95007348060608	7.832178115844727
Ai:	(5,7)	153.6053409576416	0.6552674770355225
Player:	(4,3)	162.7501482963562	9.1448073387146
Ai:	(3,5)	164.01282787322998	1.2626795768737793
Player:	(3,6)	174.1503472328186	10.137519359588623
Ai:	(2,7)	175.67914128303528	1.5287940502166748
Player:	(1,6)	182.28762030601501	6.608479022979736
Ai:	(3,3)	183.50141096115112	1.2127933502197266
Player:	(6,8)	191.5456190109253	8.04420804977417
Ai:	(6,7)	192.18085861206055	0.6352396011352539
Player:	(3,2)	199.77544498443604	7.594586372375488
Ai:	(7,4)	201.22423100471497	1.4487860202789307
Player:	(2,5)	210.94623851776123	9.722007513046265
Ai:	(1,5)	211.8463408946991	0.9001023769378662
Player:	(1,4)	218.95926213264465	7.112921237945557
Ai:	(3,7)	219.8060827255249	0.846820592880249
Player:	(7,8)	228.66614651679993	8.860063791275024
Ai:	(2,1)	229.28998684883118	0.62384033203125
Player:	(3,1)	236.0379331111908	6.747946262359619
Ai:	(4,1)	236.8085582256317	0.770625114440918
Player:	(2,4)	247.43051075935364	10.621952533721924
Ai:	(2,6)	248.1879951953888	0.7574844360351562
Player:	(2,8)	259.8006501197815	11.6126549243927
Ai:	(2,3)	261.0339996814728	1.2333495616912842
Player:	(1,3)	270.6054458618164	9.571446180343628
Ai:	(7,7)	271.26682472229004	0.6613788604736328
Player:	(1,7)	278.90847611427307	7.641651391983032
Ai:	(1,8)	279.31643772125244	0.4079616069793701
Player:	(1,2)	287.5147898197174	8.198352098464966
Ai:	(8,8)	288.0962598323822	0.5814700126647949
Player:	(8,7)	296.35404682159424	8.257786989212036
Ai:	(1,1)	296.89859223365784	0.5445454120635986
Player:	(7,1)	304.297479391098	7.3988871574401855
Ai:	(5,1)	304.9376368522644	0.6401574611663818
Player:	(7,5)	316.3293719291687	11.391735076904297
Ai:	(8,5)	316.54978013038635	0.22040820121765137
Player:	(5,2)	326.6466042995453	10.096824169158936
Ai:	(2,2)	326.8266727924347	0.1800684928894043
