Ai:	(6,5)	0.11021924018859863	0.11021924018859863
Player:	(4,6)	110.9905915260315	110.8803722858429
Ai:	(3,4)	111.2329454421997	0.2423539161682129
Player:	(6,3)	120.64675545692444	9.413810014724731
Ai:	(4,7)	120.87755751609802	0.23080205917358398
Player:	(3,6)	129.80868482589722	8.931127309799194
Ai:	(5,6)	130.16825532913208	0.3595705032348633
Player:	(5,8)	150.73365426063538	20.565398931503296
Ai:	(3,8)	151.00292992591858	0.2692756652832031
Player:	(6,6)	170.93704509735107	19.934115171432495
Ai:	(5,7)	171.6791181564331	0.7420730590820312
Player:	(6,8)	189.0594871044159	17.380368947982788
Ai:	(3,7)	189.7706060409546	0.7111189365386963
Player:	(6,4)	208.57967829704285	18.809072256088257
Ai:	(7,4)	209.99342703819275	1.4137487411499023
Player:	(8,5)	224.21211886405945	14.21769404411316
Ai:	(8,3)	224.77046036720276	0.5583415031433105
Player:	(5,3)	237.6682529449463	12.89779257774353
Ai:	(7,7)	239.51891255378723	1.8506596088409424
Player:	(8,4)	259.21752977371216	19.698617219924927
Ai:	(6,2)	260.4766697883606	1.2591400146484375
Player:	(8,6)	281.7290868759155	21.25241708755493
Ai:	(8,8)	282.6664204597473	0.9373335838317871
Player:	(3,5)	293.7603759765625	11.093955516815186
Ai:	(2,6)	294.9976472854614	1.2372713088989258
Player:	(8,2)	310.185574054718	15.187926769256592
Ai:	(4,8)	310.44188714027405	0.2563130855560303
Player:	(2,8)	322.7605834007263	12.31869626045227
Ai:	(4,3)	322.84634137153625	0.08575797080993652
Player:	(1,5)	332.94884872436523	10.10250735282898
Ai:	(2,7)	333.27551770210266	0.32666897773742676
Player:	(1,6)	343.5460922718048	10.270574569702148
Ai:	(1,8)	343.8001215457916	0.2540292739868164
Player:	(3,3)	355.6283869743347	11.82826542854309
Ai:	(7,8)	356.86464071273804	1.2362537384033203
Player:	(1,7)	370.7196788787842	13.855038166046143
Ai:	(3,2)	371.5344989299774	0.8148200511932373
Player:	(7,1)	382.17840361595154	10.643904685974121
Ai:	(1,4)	382.85040497779846	0.6720013618469238
Player:	(3,1)	391.77803230285645	8.927627325057983
Ai:	(2,5)	392.7754285335541	0.9973962306976318
Player:	(6,7)	420.7452836036682	27.969855070114136
Ai:	(6,1)	421.4070336818695	0.661750078201294
Player:	(5,1)	435.1663234233856	13.759289741516113
Ai:	(2,3)	435.54767632484436	0.38135290145874023
Player:	(1,3)	447.58307790756226	12.035401582717896
Ai:	(4,1)	448.1535532474518	0.5704753398895264
Player:	(2,1)	460.79549264907837	12.640942096710205
Ai:	(8,1)	461.4348216056824	0.6393289566040039
Player:	(5,2)	470.414865732193	8.98004412651062
Ai:	(8,7)	470.7953610420227	0.3804953098297119
Player:	(7,6)	485.41798877716064	14.62262773513794
Ai:	(4,2)	485.7610709667206	0.3430821895599365
Player:	(7,5)	496.2111282348633	10.4500572681427
Ai:	(7,3)	496.4733991622925	0.2622709274291992
Player:	(2,4)	506.74207305908203	10.26867389678955
Ai:	(2,2)	506.9146134853363	0.17254042625427246
Player:	(1,2)	518.9750180244446	12.060404539108276
Ai:	(1,1)	519.0947005748749	0.11968255043029785
Player:	(7,2)	577.1442611217499	58.049560546875
Ai:	(7,2)	577.1871461868286	0.04288506507873535
