Ai:	(6,5)	0.07779145240783691	0.07779145240783691
Player:	(4,6)	14.506528377532959	14.428736925125122
Ai:	(3,4)	14.678069591522217	0.1715412139892578
Player:	(6,3)	21.973098516464233	7.295028924942017
Ai:	(4,7)	22.256362676620483	0.28326416015625
Player:	(5,6)	31.23675298690796	8.980390310287476
Ai:	(7,2)	31.573853254318237	0.3371002674102783
Player:	(3,8)	44.17677187919617	12.60291862487793
Ai:	(4,8)	44.3722448348999	0.19547295570373535
Player:	(5,8)	52.17964744567871	7.807402610778809
Ai:	(6,6)	52.36515188217163	0.18550443649291992
Player:	(4,3)	64.14578771591187	11.780635833740234
Ai:	(3,6)	64.53026866912842	0.38448095321655273
Player:	(6,4)	74.8913779258728	10.361109256744385
Ai:	(7,4)	75.40300631523132	0.5116283893585205
Player:	(8,3)	86.62848043441772	11.225474119186401
Ai:	(8,4)	87.37990117073059	0.7514207363128662
Player:	(6,1)	96.27353549003601	8.89363431930542
Ai:	(8,1)	96.87643384933472	0.602898359298706
Player:	(8,5)	107.85316920280457	10.976735353469849
Ai:	(5,2)	108.46243357658386	0.6092643737792969
Player:	(4,1)	119.15224480628967	10.68981122970581
Ai:	(6,2)	119.50729489326477	0.35505008697509766
Player:	(3,5)	133.85998606681824	14.352691173553467
Ai:	(6,7)	134.65189146995544	0.791905403137207
Player:	(6,8)	147.88382744789124	13.231935977935791
Ai:	(7,5)	148.89279055595398	1.0089631080627441
Player:	(5,3)	163.28557515144348	14.392784595489502
Ai:	(5,1)	164.83635187149048	1.550776720046997
Player:	(3,3)	177.00285840034485	12.16650652885437
Ai:	(7,3)	178.31533789634705	1.3124794960021973
Player:	(7,1)	191.3962025642395	13.080864667892456
Ai:	(4,2)	192.80047130584717	1.404268741607666
Player:	(8,2)	201.9297740459442	9.129302740097046
Ai:	(8,6)	203.38299822807312	1.4542222023010254
Player:	(3,7)	215.59317255020142	12.209176301956177
Ai:	(2,4)	216.51940155029297	0.9262290000915527
Player:	(3,2)	225.16416883468628	8.64476728439331
Ai:	(3,1)	226.7180371284485	1.553868293762207
Player:	(1,3)	236.9134328365326	10.195395708084106
Ai:	(2,3)	238.1544632911682	1.2410304546356201
Player:	(2,1)	247.41271352767944	9.25825023651123
Ai:	(1,1)	248.84505081176758	1.4323372840881348
Player:	(1,2)	255.25838947296143	6.413338661193848
Ai:	(1,4)	256.0142424106598	0.7558529376983643
Player:	(5,7)	264.9921762943268	8.978922367095947
Ai:	(7,7)	265.4389729499817	0.44580817222595215
Player:	(8,7)	274.36735248565674	8.928379535675049
Ai:	(8,8)	274.9124138355255	0.5450613498687744
Player:	(2,5)	285.2108278274536	10.2984139919281
Ai:	(1,6)	285.9217641353607	0.7109363079071045
Player:	(1,5)	297.58684039115906	11.66507625579834
Ai:	(2,6)	298.3098990917206	0.7230587005615234
Player:	(1,7)	310.27562642097473	11.96572732925415
Ai:	(1,8)	310.7309682369232	0.45534181594848633
Player:	(7,6)	325.7550525665283	15.024084329605103
Ai:	(2,7)	326.1390335559845	0.38398098945617676
Player:	(2,8)	334.9490752220154	8.810041666030884
Ai:	(7,8)	335.0837163925171	0.13464117050170898
Player:	(2,2)	361.0349164009094	25.951200008392334
Ai:	(2,2)	361.0768082141876	0.04189181327819824
