Ai:	(6,5)	0.08279132843017578	0.08279132843017578
Player:	(4,6)	18.175166130065918	18.092374801635742
Ai:	(3,4)	18.30282425880432	0.12765812873840332
Player:	(4,3)	26.37345552444458	8.070631265640259
Ai:	(3,3)	26.585005283355713	0.2115497589111328
Player:	(6,4)	33.733739137649536	7.148733854293823
Ai:	(5,6)	34.1600558757782	0.4263167381286621
Player:	(6,6)	43.601511001586914	9.441455125808716
Ai:	(7,7)	44.195921897888184	0.5944108963012695
Player:	(5,3)	56.20630860328674	12.01038670539856
Ai:	(7,5)	56.722922563552856	0.5166139602661133
Player:	(8,6)	70.30092906951904	13.578006505966187
Ai:	(6,3)	71.37457609176636	1.0736470222473145
Player:	(6,8)	81.2391767501831	9.864600658416748
Ai:	(8,8)	81.57081937789917	0.33164262771606445
Player:	(3,5)	91.4200918674469	9.84927248954773
Ai:	(3,6)	92.02633118629456	0.6062393188476562
Player:	(7,3)	102.82697033882141	10.800639152526855
Ai:	(8,2)	103.24585032463074	0.41887998580932617
Player:	(5,7)	113.74616718292236	10.500316858291626
Ai:	(8,5)	114.14210987091064	0.39594268798828125
Player:	(8,4)	122.92185187339783	8.779742002487183
Ai:	(5,8)	123.13880157470703	0.2169497013092041
Player:	(4,8)	132.0848970413208	8.94609546661377
Ai:	(7,6)	132.21014738082886	0.12525033950805664
Player:	(7,8)	141.335369348526	9.125221967697144
Ai:	(3,8)	141.44151186943054	0.10614252090454102
Player:	(3,2)	149.87280821800232	8.431296348571777
Ai:	(7,4)	150.32580542564392	0.45299720764160156
Player:	(8,3)	161.9915955066681	11.66579008102417
Ai:	(8,7)	163.1943542957306	1.2027587890625
Player:	(2,5)	174.69159960746765	11.496249198913574
Ai:	(7,2)	175.54662442207336	0.8540182113647461
Player:	(6,7)	183.08847975730896	7.541855335235596
Ai:	(2,3)	183.77102708816528	0.6825473308563232
Player:	(1,3)	191.04487466812134	7.273847579956055
Ai:	(2,1)	191.52858757972717	0.48371291160583496
Player:	(3,1)	200.07662725448608	8.548039674758911
Ai:	(4,1)	200.4496247768402	0.372997522354126
Player:	(2,6)	210.31794714927673	9.868322372436523
Ai:	(2,2)	210.9440405368805	0.6260933876037598
Player:	(1,2)	217.46235918998718	6.5183186531066895
Ai:	(1,4)	217.89320611953735	0.4308469295501709
Player:	(1,5)	226.67435097694397	8.781144857406616
Ai:	(4,7)	227.248361825943	0.5740108489990234
Player:	(3,7)	234.83321857452393	7.584856748580933
Ai:	(1,6)	235.27703189849854	0.4438133239746094
Player:	(1,7)	243.78445315361023	8.507421255111694
Ai:	(2,7)	244.09063291549683	0.3061797618865967
Player:	(5,2)	253.98165917396545	9.891026258468628
Ai:	(4,2)	254.29434275627136	0.3126835823059082
Player:	(2,8)	264.4496693611145	10.15532660484314
Ai:	(1,8)	264.70398807525635	0.2543187141418457
Player:	(6,2)	273.0713384151459	8.367350339889526
Ai:	(1,1)	273.31768012046814	0.24634170532226562

