Ai:	(6,5)	0.07430481910705566	0.07430481910705566
Player:	(6,4)	12.873260259628296	12.79895544052124
Ai:	(7,3)	13.010498046875	0.1372377872467041
Player:	(5,6)	23.129059553146362	10.118561506271362
Ai:	(4,3)	23.417794942855835	0.28873538970947266
Player:	(5,3)	30.564648866653442	7.146853923797607
Ai:	(6,3)	30.89975094795227	0.3351020812988281
Player:	(3,3)	38.60424447059631	7.704493522644043
Ai:	(5,7)	38.86706852912903	0.26282405853271484
Player:	(8,3)	48.675634145736694	9.808565616607666
Ai:	(4,2)	49.021708488464355	0.34607434272766113
Player:	(5,1)	57.45086669921875	8.429158210754395
Ai:	(3,1)	57.653841733932495	0.20297503471374512
Player:	(4,6)	64.8459575176239	7.192115783691406
Ai:	(4,7)	65.4068489074707	0.5608913898468018
Player:	(5,8)	74.56465578079224	9.156808137893677
Ai:	(6,2)	75.3958191871643	0.8311634063720703
Player:	(3,8)	84.20899057388306	8.81317138671875
Ai:	(4,8)	84.75552201271057	0.5465314388275146
Player:	(3,5)	92.95917797088623	8.20365595817566
Ai:	(2,5)	93.99241542816162	1.0332374572753906
Player:	(4,1)	102.47793936729431	8.48552393913269
Ai:	(6,8)	103.94762706756592	1.4696877002716064
Player:	(1,5)	114.90380692481995	10.956179857254028
Ai:	(6,1)	115.84380173683167	0.9399948120117188
Player:	(6,6)	126.17122149467468	10.327419757843018
Ai:	(2,4)	127.16558027267456	0.9943587779998779
Player:	(3,6)	136.04952549934387	8.883945226669312
Ai:	(7,7)	137.1875159740448	1.1379904747009277
Player:	(1,3)	147.95518898963928	10.767673015594482
Ai:	(2,6)	148.5648331642151	0.6096441745758057
Player:	(7,8)	160.56832480430603	12.003491640090942
Ai:	(2,3)	161.03308153152466	0.46475672721862793
Player:	(8,6)	173.62462997436523	12.591548442840576
Ai:	(8,8)	174.16817593574524	0.5435459613800049
Player:	(1,4)	189.132257938385	14.96408200263977
Ai:	(2,8)	190.01528239250183	0.8830244541168213
Player:	(1,6)	202.26468229293823	12.249399900436401
Ai:	(2,7)	202.96631002426147	0.7016277313232422
Player:	(3,4)	212.4695646762848	9.503254652023315
Ai:	(3,7)	212.81065344810486	0.34108877182006836
Player:	(1,2)	220.1118869781494	7.301233530044556
Ai:	(2,2)	220.38171315193176	0.26982617378234863
Player:	(3,2)	228.81284141540527	8.43112826347351
Ai:	(1,1)	229.1160295009613	0.3031880855560303
Player:	(2,1)	235.18019938468933	6.064169883728027
Ai:	(1,7)	235.47138833999634	0.29118895530700684
Player:	(7,1)	242.96852135658264	7.497133016586304
Ai:	(8,1)	243.2104048728943	0.2418835163116455
Player:	(7,4)	252.40936493873596	9.198960065841675
Ai:	(8,4)	252.71754002571106	0.30817508697509766
Player:	(8,5)	260.19618821144104	7.4786481857299805
Ai:	(5,2)	260.31387209892273	0.11768388748168945
Player:	(7,6)	268.07084250450134	7.756970405578613
Ai:	(8,7)	268.1855318546295	0.11468935012817383
Player:	(6,7)	278.08413195610046	9.898600101470947
Ai:	(8,2)	278.1871464252472	0.10301446914672852
Player:	(1,8)	286.19385147094727	8.006705045700073
Ai:	(7,5)	286.24571323394775	0.05186176300048828
Player:	(7,2)	295.23642086982727	8.990707635879517
Ai:	(7,2)	295.3142123222351	0.07779145240783691
