Ai:	(6,5)	0.06482720375061035	0.06482720375061035
Player:	(4,6)	21.229076147079468	21.164248943328857
Ai:	(3,4)	21.384660959243774	0.15558481216430664
Player:	(6,4)	34.282506227493286	12.897845268249512
Ai:	(7,4)	34.52087092399597	0.23836469650268555
Player:	(3,3)	46.09544372558594	11.574572801589966
Ai:	(5,6)	46.38817501068115	0.29273128509521484
Player:	(8,4)	58.01146459579468	11.623289585113525
Ai:	(2,2)	58.51218605041504	0.5007214546203613
Player:	(6,6)	69.87805390357971	11.365867853164673
Ai:	(7,7)	70.39269781112671	0.5146439075469971
Player:	(4,3)	83.68962955474854	13.296931743621826
Ai:	(6,7)	84.52988648414612	0.840256929397583
Player:	(8,8)	110.92423439025879	26.39434790611267
Ai:	(5,3)	111.75182151794434	0.8275871276855469
Player:	(1,1)	119.2733371257782	7.521515607833862
Ai:	(8,3)	120.40735197067261	1.1340148448944092
Player:	(6,8)	136.43304347991943	16.025691509246826
Ai:	(7,8)	137.2618272304535	0.8287837505340576
Player:	(3,5)	155.19407963752747	17.932252407073975
Ai:	(2,5)	156.3408601284027	1.1467804908752441
Player:	(6,3)	171.31502485275269	14.974164724349976
Ai:	(5,2)	172.89717602729797	1.582151174545288
Player:	(3,6)	184.0999481678009	11.20277214050293
Ai:	(2,6)	185.58287000656128	1.482921838760376
Player:	(6,1)	197.58634400367737	12.003473997116089
Ai:	(7,6)	198.9565773010254	1.3702332973480225
Player:	(8,6)	212.4894359111786	13.532858610153198
Ai:	(8,7)	213.9427239894867	1.4532880783081055
Player:	(1,6)	231.5032184123993	17.560494422912598
Ai:	(8,5)	233.5280532836914	2.0248348712921143
Player:	(8,2)	245.92633605003357	12.398282766342163
Ai:	(3,2)	247.53000378608704	1.6036677360534668
Player:	(5,8)	260.755578994751	13.224578619003296
Ai:	(4,7)	262.73381543159485	1.978236436843872
Player:	(3,8)	276.53270506858826	13.798889636993408
Ai:	(4,8)	277.97335052490234	1.440645456314087
Player:	(3,1)	288.2888593673706	10.315508842468262
Ai:	(1,7)	289.3935606479645	1.104701280593872
Player:	(1,8)	299.9320750236511	10.538514375686646
Ai:	(1,4)	301.1206374168396	1.1885623931884766
Player:	(1,5)	317.6367976665497	16.516160249710083
Ai:	(2,3)	319.1348547935486	1.4980571269989014
Player:	(1,3)	330.5110409259796	11.37618613243103
Ai:	(2,1)	331.8498103618622	1.3387694358825684
Player:	(4,1)	340.5243594646454	8.674549102783203
Ai:	(5,1)	342.02737617492676	1.503016710281372
Player:	(1,2)	355.9367513656616	13.909375190734863
Ai:	(7,5)	356.804429769516	0.8676784038543701
Player:	(2,4)	369.08407950401306	12.27964973449707
Ai:	(7,3)	369.7054171562195	0.6213376522064209
Player:	(4,2)	381.75900387763977	12.053586721420288
Ai:	(6,2)	382.21201634407043	0.45301246643066406
Player:	(7,1)	393.034343957901	10.822327613830566
Ai:	(8,1)	393.3764283657074	0.3420844078063965
Player:	(3,7)	420.40810322761536	27.03167486190796
Ai:	(2,7)	420.69789385795593	0.28979063034057617
Player:	(2,8)	435.52089524269104	14.823001384735107
Ai:	(5,7)	435.64656257629395	0.12566733360290527
Player:	(7,2)	446.5498251914978	10.903262615203857
Ai:	(7,2)	446.60268807411194	0.05286288261413574
