Ai:	(6,5)	0.08278059959411621	0.08278059959411621
Player:	(6,4)	27.473056077957153	27.390275478363037
Ai:	(7,3)	27.801764965057373	0.3287088871002197
Player:	(4,6)	36.226264238357544	8.424499273300171
Ai:	(3,4)	36.591795921325684	0.36553168296813965
Player:	(4,3)	45.45661807060242	8.864822149276733
Ai:	(3,7)	45.859586238861084	0.402968168258667
Player:	(6,3)	56.24715542793274	10.387569189071655
Ai:	(4,2)	56.82460856437683	0.5774531364440918
Player:	(8,3)	69.16711926460266	12.34251070022583
Ai:	(7,2)	69.3235592842102	0.15644001960754395
Player:	(6,1)	79.53206205368042	10.208502769470215
Ai:	(8,1)	79.66869640350342	0.13663434982299805
Player:	(5,3)	90.59957218170166	10.930875778198242
Ai:	(8,2)	90.79405212402344	0.19447994232177734
Player:	(3,1)	104.01283121109009	13.21877908706665
Ai:	(4,1)	104.20332360267639	0.1904923915863037
Player:	(5,1)	114.3868772983551	10.183553695678711
Ai:	(6,2)	114.66564178466797	0.2787644863128662
Player:	(8,4)	127.51512861251831	12.849486827850342
Ai:	(8,5)	127.85920786857605	0.34407925605773926
Player:	(3,5)	141.7901327610016	13.930924892425537
Ai:	(7,4)	142.68877005577087	0.8986372947692871
Player:	(3,3)	157.6130771636963	14.924307107925415
Ai:	(2,3)	158.21945643424988	0.6063792705535889
Player:	(6,6)	170.87038040161133	12.65092396736145
Ai:	(7,5)	172.08465766906738	1.2142772674560547
Player:	(8,6)	194.1093783378601	22.024720668792725
Ai:	(5,7)	195.11689019203186	1.007511854171753
Player:	(1,3)	208.4416046142578	13.324714422225952
Ai:	(3,2)	209.5805583000183	1.138953685760498
Player:	(6,8)	218.43366384506226	8.853105545043945
Ai:	(1,4)	219.38053560256958	0.9468717575073242
Player:	(1,5)	228.2810778617859	8.900542259216309
Ai:	(5,2)	229.0535273551941	0.7724494934082031
Player:	(5,6)	239.27995133399963	10.226423978805542
Ai:	(4,7)	240.46265172958374	1.1836986541748047
Player:	(4,8)	250.6520128250122	10.188362836837769
Ai:	(3,6)	251.8986988067627	1.2466859817504883
Player:	(3,8)	261.24279403686523	9.344095230102539
Ai:	(2,6)	262.31136870384216	1.0685746669769287
Player:	(1,2)	274.0113308429718	11.699962139129639
Ai:	(8,7)	275.1124122142792	1.101081371307373
Player:	(2,5)	292.1090142726898	16.996602058410645
Ai:	(2,4)	293.1075584888458	0.9985442161560059
Player:	(1,6)	301.50457286834717	8.397014379501343
Ai:	(2,7)	302.2142241001129	0.7096512317657471
Player:	(2,8)	311.5234863758087	9.3092622756958
Ai:	(5,8)	312.2291648387909	0.7056784629821777
Player:	(7,1)	325.0408847332001	12.81171989440918
Ai:	(2,1)	325.65808510780334	0.6172003746032715
Player:	(6,7)	339.7246193885803	14.066534280776978
Ai:	(1,8)	340.06869983673096	0.34408044815063477
Player:	(1,7)	348.32026648521423	8.251566648483276
Ai:	(1,1)	348.67631483078003	0.3560483455657959
Player:	(2,2)	358.0140953063965	9.337780475616455
Ai:	(7,8)	358.23051381111145	0.21641850471496582
Player:	(7,7)	368.4909610748291	10.260447263717651
Ai:	(8,8)	368.6954026222229	0.20444154739379883
Player:	(7,6)	387.2487406730652	18.553338050842285
Ai:	(7,6)	387.2866723537445	0.03793168067932129
