Ai:	(6,5)	0.27750492095947266	0.27750492095947266
Player:	(6,4)	9.637534856796265	9.360029935836792
Ai:	(7,3)	9.830528020858765	0.1929931640625
Player:	(6,6)	24.670665740966797	14.840137720108032
Ai:	(4,3)	24.86166787147522	0.19100213050842285
Player:	(3,5)	41.14911103248596	16.287443161010742
Ai:	(2,5)	41.50815200805664	0.3590409755706787
Player:	(6,3)	55.72848296165466	14.220330953598022
Ai:	(7,5)	55.96933603286743	0.24085307121276855
Player:	(8,4)	68.76039242744446	12.791056394577026
Ai:	(8,5)	69.16833305358887	0.4079406261444092
Player:	(8,6)	76.76921010017395	7.600877046585083
Ai:	(6,2)	77.1483724117279	0.3791623115539551
Player:	(5,1)	88.1443862915039	10.996013879776001
Ai:	(8,2)	88.42861676216125	0.28423047065734863
Player:	(1,5)	103.3453323841095	14.916715621948242
Ai:	(4,6)	103.75922775268555	0.4138953685760498
Player:	(3,3)	114.82267928123474	11.063451528549194
Ai:	(2,3)	115.45997738838196	0.6372981071472168
Player:	(5,3)	131.18941926956177	15.72944188117981
Ai:	(7,7)	131.6781611442566	0.4887418746948242
Player:	(6,8)	144.6251049041748	12.946943759918213
Ai:	(8,8)	145.33569025993347	0.710585355758667
Player:	(8,3)	156.8761703968048	11.540480136871338
Ai:	(8,7)	157.82762479782104	0.9514544010162354
Player:	(1,3)	169.0507345199585	11.221114158630371
Ai:	(4,2)	169.8321840763092	0.781449556350708
Player:	(3,4)	178.75360298156738	8.921418905258179
Ai:	(2,4)	180.05463099479675	1.3010280132293701
Player:	(5,6)	193.72813773155212	13.673506736755371
Ai:	(5,7)	194.78327655792236	1.0551388263702393
Player:	(1,4)	207.06312370300293	12.279847145080566
Ai:	(6,1)	207.936297416687	0.873173713684082
Player:	(4,1)	219.56765627861023	11.631358861923218
Ai:	(3,1)	220.33012747764587	0.7624711990356445
Player:	(3,6)	234.53432512283325	14.204197645187378
Ai:	(3,7)	235.52916312217712	0.9948379993438721
Player:	(7,1)	244.5113775730133	8.982214450836182
Ai:	(5,2)	245.56154870986938	1.050171136856079
Player:	(2,1)	259.1224887371063	13.560940027236938
Ai:	(7,4)	259.9234263896942	0.8009376525878906
Player:	(5,8)	270.6030616760254	10.679635286331177
Ai:	(6,7)	271.6448247432709	1.0417630672454834
Player:	(2,8)	282.40391969680786	10.759094953536987
Ai:	(4,7)	283.6488938331604	1.244974136352539
Player:	(4,8)	293.7568778991699	10.107984066009521
Ai:	(3,8)	294.66778540611267	0.910907506942749
Player:	(7,8)	312.4692807197571	17.80149531364441
Ai:	(1,6)	313.0822432041168	0.6119656562805176
Player:	(1,7)	330.7671945095062	17.684951305389404
Ai:	(1,8)	331.50484895706177	0.737654447555542
Player:	(2,6)	343.2809865474701	11.776137590408325
Ai:	(1,2)	343.7547810077667	0.47379446029663086
Player:	(7,6)	353.5119848251343	9.757203817367554
Ai:	(2,7)	353.7234206199646	0.21143579483032227
Player:	(3,2)	375.54206824302673	21.818647623062134
Ai:	(2,2)	375.6158709526062	0.07380270957946777
Player:	(7,2)	383.05685472488403	7.440983772277832
Ai:	(8,1)	383.1326529979706	0.07579827308654785
