Ai:	(6,5)	0.1326456069946289	0.1326456069946289
Player:	(6,6)	6.645458698272705	6.512813091278076
Ai:	(4,3)	6.839453220367432	0.19399452209472656
Player:	(5,3)	15.401362419128418	8.561909198760986
Ai:	(7,7)	15.699083805084229	0.29772138595581055
Player:	(3,6)	24.750464916229248	9.05138111114502
Ai:	(5,2)	25.09153652191162	0.340087890625
Player:	(6,3)	32.692474603652954	7.600938081741333
Ai:	(4,6)	33.041104793548584	0.3486301898956299
Player:	(5,1)	41.31563091278076	8.274526119232178
Ai:	(7,3)	41.97116422653198	0.6545376777648926
Player:	(5,6)	51.13965702056885	9.168492794036865
Ai:	(5,7)	52.24016523361206	1.100508213043213
Player:	(5,8)	110.95984697341919	58.71968173980713
Ai:	(2,6)	112.73741483688354	1.7775678634643555
Player:	(8,8)	120.54299330711365	7.8055784702301025
Ai:	(6,4)	121.91805815696716	1.3750648498535156
Player:	(8,3)	132.18118500709534	10.263126850128174
Ai:	(6,8)	132.7905547618866	0.6093697547912598
Player:	(1,6)	145.00224423408508	12.211689472198486
Ai:	(4,7)	146.26341652870178	1.2611722946166992
Player:	(4,8)	156.51451921463013	10.251102685928345
Ai:	(3,8)	157.52753448486328	1.0130152702331543
Player:	(3,4)	176.71146774291992	19.18393325805664
Ai:	(8,2)	178.10320472717285	1.3917369842529297
Player:	(8,1)	189.97517657279968	11.871971845626831
Ai:	(3,3)	191.49469184875488	1.5195152759552002
Player:	(3,5)	205.89137864112854	14.396686792373657
Ai:	(2,4)	207.68468356132507	1.7933049201965332
Player:	(2,3)	217.55312538146973	9.868441820144653
Ai:	(4,2)	219.2755162715912	1.72239089012146
Player:	(1,5)	227.987242937088	8.711726665496826
Ai:	(1,3)	229.1935260295868	1.2062830924987793
Player:	(7,5)	240.75957465171814	11.566048622131348
Ai:	(8,4)	242.10758066177368	1.348006010055542
Player:	(8,6)	252.90470695495605	10.797126293182373
Ai:	(6,2)	254.1175000667572	1.2127931118011475
Player:	(8,5)	264.61811089515686	10.500610828399658
Ai:	(4,1)	265.44045782089233	0.8223469257354736
Player:	(3,1)	274.2502717971802	8.809813976287842
Ai:	(2,7)	274.8925817012787	0.6423099040985107
Player:	(6,1)	288.8459668159485	13.9533851146698
Ai:	(2,5)	289.59895157814026	0.7539823055267334
Player:	(1,8)	299.7711145877838	10.171165466308594
Ai:	(2,8)	300.96727299690247	1.1961584091186523
Player:	(1,4)	312.99421191215515	12.026938915252686
Ai:	(7,2)	313.97817492485046	0.9839630126953125
Player:	(7,1)	325.16602897644043	11.187854051589966
Ai:	(1,7)	325.9928171634674	0.8267881870269775
Player:	(1,2)	342.9112482070923	16.918431043624878
Ai:	(2,2)	343.36004543304443	0.44879722595214844
Player:	(1,1)	354.8111469745636	11.451101541519165
Ai:	(2,1)	355.22456526756287	0.4134182929992676
Player:	(7,8)	368.7466104030609	13.522045135498047
Ai:	(3,2)	369.12917852401733	0.3825681209564209
Player:	(7,4)	383.1706681251526	14.041489601135254
Ai:	(3,7)	383.37213039398193	0.2014622688293457
Player:	(7,6)	401.0225987434387	17.650468349456787
Ai:	(6,7)	401.21707820892334	0.19447946548461914
Player:	(6,7)	401.29287600517273	0.07480096817016602
Ai:	(8,7)	401.4374885559082	0.14461255073547363
Player:	(8,7)	401.59207701683044	0.1545884609222412
